   -0.200077150499575E-06   -0.261910069895196E-06    0.177956347692050E-07
    0.103898544212217E-06    0.784015543658583E-07    0.755604126704305E-07
         1         1         1
    0.108361346668581E-04   -0.137429465992892E-04    0.134184513498016E-04
    0.594899189122745E-05   -0.219393647802918E-04   -0.915398668390423E-05
    0.160658645398553E-04    0.161105401715849E-04    0.163552913875041E-04
         2         1         1
    0.904946734048707E-06   -0.863918430947378E-05    0.161525301011644E-05
    0.407812497020075E-05   -0.278981907966417E-04    0.193566239154557E-04
    0.160799010305046E-04    0.161368831056182E-04    0.162293457404752E-04
         3         1         1
    0.409687669958999E-05   -0.278283673336835E-05    0.129652820475558E-04
   -0.141894887368878E-05    0.115912859336708E-04   -0.842691110712702E-05
    0.160813192819457E-04    0.162742012405454E-04    0.159307709579023E-04
         4         1         1
   -0.101097558593738E-05    0.719059163817026E-05    0.136330636999921E-04
    0.364843545880542E-04   -0.258959438979269E-04   -0.842709327524225E-06
    0.161214164860591E-04    0.162837960397920E-04    0.160138742420489E-04
         1         2         1
    0.112281900708303E-04   -0.102455739484576E-04   -0.112925703363851E-04
   -0.498015544387182E-05    0.537467855606793E-06    0.276920581982147E-05
    0.159683775101199E-04    0.161037267046385E-04    0.162009650139836E-04
         2         2         1
   -0.795377363118193E-05    0.115589239014803E-04   -0.360875473378262E-05
    0.433188997594809E-04   -0.823528180771147E-05   -0.156334683171462E-04
    0.160878070268880E-04    0.161148256886777E-04    0.160711493118133E-04
         3         2         1
    0.357112987995633E-06    0.328491323414579E-05   -0.759806479315521E-05
    0.113727321231450E-04    0.259439311628933E-04    0.111289233590325E-04
    0.160019713938041E-04    0.159885922679918E-04    0.158712340990380E-04
         4         2         1
    0.129479475321889E-04   -0.124556438507772E-05   -0.134198245379214E-04
   -0.595790491599252E-05    0.335348804721032E-04   -0.110857064649252E-04
    0.162450350975971E-04    0.160214786697884E-04    0.159584425692670E-04
         1         3         1
   -0.491652444511155E-05   -0.253834736149272E-04   -0.241585023442534E-04
    0.319483909070187E-04   -0.412952680147342E-05    0.301587106994396E-04
    0.159710733204340E-04    0.160741582445435E-04    0.162651051399672E-04
         2         3         1
   -0.148152035374735E-04   -0.121439601898539E-04   -0.241323104691872E-04
    0.586074683917470E-04   -0.103072796510611E-04    0.590737848734385E-04
    0.159390824312872E-04    0.162107124034052E-04    0.161489599352065E-04
         3         3         1
   -0.650727751877738E-05   -0.515855662550752E-05   -0.151580904387710E-04
    0.353783750659975E-04    0.107592570423135E-04    0.371004729991134E-04
    0.162592307473129E-04    0.161250197268520E-04    0.159359724350821E-04
         4         3         1
    0.120236657890125E-06   -0.191821751327255E-05    0.985305862390966E-06
    0.393835632678290E-04    0.295398250110957E-04   -0.225004971505150E-04
    0.162152418460961E-04    0.160362288866731E-04    0.160188029672051E-04
         1         4         1
   -0.446309484608520E-05   -0.286667459962736E-04   -0.865846361295334E-05
    0.182360339445069E-04    0.197116423171310E-04   -0.255288538499719E-04
    0.160397076798115E-04    0.160772983098412E-04    0.164071095879669E-04
         2         4         1
    0.691269178341344E-05    0.379312441098312E-05    0.301739572766891E-06
   -0.106820860427578E-04   -0.451990736900703E-05    0.353193418895212E-04
    0.159082529147034E-04    0.160507232084010E-04    0.162786771705863E-04
         3         4         1
    0.711844769888821E-05   -0.251359085130052E-05    0.591080504172962E-05
   -0.348037331241138E-04    0.111282995946533E-04    0.299349763230964E-04
    0.163130171767688E-04    0.160187869558439E-04    0.159681972152735E-04
         4         4         1
    0.122559953958035E-05   -0.333032676763263E-05   -0.121567911777809E-05
    0.159140851361187E-04    0.239521929515163E-06   -0.194100036759838E-05
    0.160601326260453E-04    0.160850777234174E-04    0.160512618043195E-04
         1         1         2
    0.812905299895764E-05    0.569458933164176E-05    0.848287283442352E-05
   -0.355610636527200E-04    0.708062219360319E-05    0.134278580872450E-04
    0.158917605224297E-04    0.159835803833436E-04    0.159702046171718E-04
         2         1         2
    0.112200765307240E-06   -0.226898329817959E-06    0.293457306379202E-06
   -0.125822179539867E-04   -0.138005956134178E-04    0.137892063091323E-04
    0.160565195706971E-04    0.162627358609160E-04    0.161133988090056E-04
         3         1         2
   -0.111893878314407E-04   -0.155797832565796E-04    0.133599138911776E-04
    0.148396321325956E-04    0.215874799903715E-04    0.852357043810015E-05
    0.160474407174708E-04    0.162479169073360E-04    0.162034472788942E-04
         4         1         2
   -0.154254730733314E-05   -0.940692341221648E-05    0.807269736413549E-05
    0.439875544623866E-05    0.204031573017538E-05    0.221152152133172E-04
    0.162680761888741E-04    0.160303112443547E-04    0.160103337140675E-04
         1         2         2
    0.228705431522298E-05    0.820829213479272E-05   -0.757831285155114E-05
    0.173736120049748E-05    0.241948080116970E-04   -0.378579027154493E-05
    0.159476469799482E-04    0.160043715086418E-04    0.160825685917658E-04
         2         2         2
   -0.627255848733285E-05    0.495700404059288E-05   -0.272911578083459E-05
    0.981600472757827E-05    0.335693707791180E-04   -0.467470752500578E-05
    0.159135748874106E-04    0.162179049036854E-04    0.160946075237734E-04
         3         2         2
   -0.672593365214348E-05   -0.756776537737935E-05   -0.105167827861655E-04
    0.385103307624492E-05    0.444550117828834E-04    0.254721885382580E-04
    0.160119547813210E-04    0.160836125197778E-04    0.162871776296770E-04
         4         2         2
    0.176583595473252E-06   -0.469490994373294E-05    0.436117104171136E-05
   -0.832447164624883E-05    0.297570813872645E-04   -0.183417032523190E-04
    0.165044700695120E-04    0.159304318622273E-04    0.162318327699747E-04
         1         3         2
    0.100111574058680E-04    0.138463678647059E-04    0.158369487394104E-05
    0.183977320131854E-04    0.933808223230901E-05   -0.856826726039437E-05
    0.160154047846619E-04    0.162525926377152E-04    0.163157678543054E-04
         2         3         2
   -0.127583948315896E-04   -0.171915115701674E-04   -0.807373857718509E-05
    0.335507892715658E-04    0.364798591068392E-04    0.266134907337302E-04
    0.159021082318041E-04    0.161578911407864E-04    0.162914641604959E-04
         3         3         2
   -0.449320450408270E-05   -0.974952044056220E-05   -0.222929283560429E-05
    0.245528305448607E-04    0.210498113045860E-04    0.292664851027398E-04
    0.162590406948459E-04    0.160893773441111E-04    0.162512902030873E-04
         4         3         2
    0.532950690950766E-05    0.100856993482821E-05    0.833511443573837E-05
    0.818554254727507E-05    0.114911363709777E-04   -0.780228912082660E-05
    0.163063757065016E-04    0.162506778951410E-04    0.162529473440631E-04
         1         4         2
   -0.963224074872209E-05   -0.430854689690302E-05   -0.144703890376450E-04
    0.199604562554858E-04    0.157555120482797E-04   -0.556156752053448E-05
    0.159795768287099E-04    0.160422563512102E-04    0.161896311724908E-04
         2         4         2
    0.146985538716179E-05   -0.149175646256305E-05   -0.183134608054916E-05
    0.623202869109865E-05   -0.213605458218780E-06    0.125378858298434E-04
    0.160666185836883E-04    0.158999623569752E-04    0.162775707317479E-04
         3         4         2
   -0.148623964250245E-04   -0.169713810854776E-04    0.100137338915794E-05
    0.931888967962972E-05    0.178821415048054E-04    0.445266317381587E-04
    0.163198336280135E-04    0.159295782931035E-04    0.161495345673192E-04
         4         4         2
    0.112506841000521E-04   -0.365188683662077E-05    0.346144806962810E-05
   -0.913850069873167E-05   -0.162462535536799E-04    0.261171008487864E-04
    0.160937816559742E-04    0.161396684185660E-04    0.160205158596193E-04
         1         1         3
    0.130372205568413E-04   -0.178317342427754E-05   -0.412469762556807E-05
   -0.860349510194751E-05    0.706985721540892E-05    0.929486428010670E-05
    0.157432018516506E-04    0.158619655601457E-04    0.160848656470160E-04
         2         1         3
    0.864262224845065E-05   -0.747339415052556E-05    0.518120885271744E-05
   -0.462328936801885E-05   -0.124320372708803E-05    0.403367844539155E-05
    0.160196980435050E-04    0.162472560935877E-04    0.159499727407775E-04
         3         1         3
    0.581908324680664E-05    0.655830081014996E-05    0.808961725834692E-05
   -0.120645991818379E-04    0.195949399056191E-04    0.273133107768426E-05
    0.161170717974875E-04    0.161660127579049E-04    0.160538188194695E-04
         4         1         3
   -0.432480292703055E-05    0.143207434569192E-04   -0.282307700332573E-06
    0.226439580052310E-04    0.572703480065244E-05    0.233543287557626E-05
    0.162974797788207E-04    0.158810408198317E-04    0.161477554885504E-04
         1         2         3
   -0.300499222342326E-04    0.478415066454974E-05   -0.205490326630540E-04
    0.444374522894516E-04   -0.189266473460440E-04    0.123656195169458E-04
    0.159797273440545E-04    0.162233931622796E-04    0.160634118093472E-04
         2         2         3
   -0.472539416412376E-05   -0.358516565479024E-05   -0.689002904692853E-06
   -0.296899989057660E-04    0.929772778299906E-05    0.426777847484465E-06
    0.159791184461628E-04    0.161861979134131E-04    0.160220587343567E-04
         3         2         3
   -0.133645850490709E-04    0.132730651685355E-04    0.296946287296727E-07
   -0.237673574916598E-04    0.207957183669603E-04   -0.111258711864779E-05
    0.160786654618965E-04    0.161264689479571E-04    0.159768888323868E-04
         4         2         3
   -0.155552218914926E-04    0.158808841026940E-04   -0.134044839660855E-04
   -0.918163306146618E-07    0.105846207126441E-04   -0.603537294984244E-05
    0.164255962962789E-04    0.162635556700168E-04    0.159855114907196E-04
         1         3         3
    0.932529753108967E-05    0.107391132252608E-04   -0.539783398126866E-05
   -0.195363473173978E-05   -0.437942619865959E-05   -0.130864884744325E-04
    0.161880825291997E-04    0.161789724491055E-04    0.161385335685564E-04
         2         3         3
    0.101519636732809E-04    0.736322285510873E-05    0.307770055366737E-05
   -0.137924439112481E-04   -0.285229447392819E-04    0.193582022964651E-04
    0.158674230061434E-04    0.161479171486799E-04    0.161121887374463E-04
         3         3         3
   -0.797532159012558E-05    0.125278970153621E-04    0.212937270642131E-05
    0.214706285792571E-04    0.251490548641446E-04   -0.220179166877151E-04
    0.161235654366885E-04    0.161708071345910E-04    0.161138381177928E-04
         4         3         3
   -0.102609881272723E-04    0.133111483264611E-04   -0.168727567070491E-04
    0.250588660930361E-04    0.808385907639560E-05    0.200922342113565E-05
    0.162306236485948E-04    0.162993725351233E-04    0.161204079846632E-04
         1         4         3
   -0.189515637652848E-05    0.249119643179156E-05   -0.458553378374411E-05
    0.243937985783016E-04   -0.278073524697997E-04   -0.299610091565890E-04
    0.159989134938701E-04    0.160478951741671E-04    0.161489625856298E-04
         2         4         3
   -0.196677698888984E-05   -0.973102666898034E-05   -0.107542846882808E-04
    0.132413440824094E-04   -0.381729407609456E-04    0.515130001128128E-04
    0.159620873065470E-04    0.160027985772069E-04    0.160051116454087E-04
         3         4         3
   -0.766317799676149E-05   -0.333143559449121E-05   -0.326880323763160E-05
   -0.176589343173430E-04    0.181365579385141E-04    0.325364753310444E-04
    0.162206014377011E-04    0.158436201502141E-04    0.161767755818317E-04
         4         4         3
   -0.701296871663582E-05    0.595697883894866E-05   -0.565742591771997E-05
    0.142689487564893E-04   -0.374603770719109E-05    0.610364251045366E-05
    0.161544085502641E-04    0.159866539694532E-04    0.162808012539890E-04
         1         1         4
    0.175337580567248E-04   -0.122797363151209E-04    0.196965192727586E-04
    0.800212757409983E-05   -0.133360918281581E-04   -0.152383497604513E-04
    0.159576555176024E-04    0.159566553163922E-04    0.160568355840980E-04
         2         1         4
   -0.691870908987157E-05   -0.211325908474699E-04   -0.524933397284772E-05
    0.179333182937579E-04    0.201594634984724E-04   -0.286779250593939E-05
    0.160906319137305E-04    0.160888504306436E-04    0.160976855218126E-04
         3         1         4
    0.152959176822044E-04    0.783337272902870E-05    0.217478553072963E-04
   -0.996015189413577E-05   -0.846195632684055E-06   -0.660224364684149E-05
    0.161966313526297E-04    0.161619381334214E-04    0.162783200031916E-04
         4         1         4
   -0.714529451947135E-05   -0.288200255357658E-04    0.852894242907802E-05
    0.329402536337139E-05    0.405576790026088E-05    0.318272812104560E-05
    0.161892983047797E-04    0.161073842839653E-04    0.162035908386089E-04
         1         2         4
    0.272618642120064E-05   -0.989742770651931E-05   -0.905691100943913E-05
    0.447276441036991E-04    0.168826035834926E-04    0.107723039415126E-04
    0.160238995348000E-04    0.162830660777140E-04    0.161127256670109E-04
         2         2         4
    0.359819388835520E-05    0.133398979798814E-05   -0.120867315669218E-04
    0.319013159753242E-04    0.133470181092338E-04   -0.104789603651576E-04
    0.161856486880014E-04    0.160481800764577E-04    0.161951245200220E-04
         3         2         4
    0.139883935159558E-04    0.127153465266296E-04   -0.491777875900083E-05
   -0.209204335986770E-05    0.169532345450754E-04    0.205488053741089E-04
    0.161008279795348E-04    0.160029075443239E-04    0.162953155932917E-04
         4         2         4
    0.193558228565174E-04    0.302221878178387E-06    0.351040997068037E-05
   -0.118075633314781E-05   -0.532371946831135E-05   -0.490133302600121E-05
    0.161894507874170E-04    0.163242527794432E-04    0.161808850193584E-04
         1         3         4
   -0.160500655602641E-04   -0.262851835757528E-04   -0.227525260853352E-04
    0.349398359770269E-04    0.110621111135157E-04    0.164983182211222E-04
    0.161880157895103E-04    0.159620226707732E-04    0.157323296895591E-04
         2         3         4
    0.223050516491756E-04   -0.612860431372383E-05   -0.315036006549106E-05
   -0.449040807299186E-04   -0.371881973114852E-05    0.103764630424953E-04
    0.159468429814674E-04    0.161671827547297E-04    0.158305306008023E-04
         3         3         4
   -0.102268380929205E-04    0.155045838189232E-05    0.593248247500547E-07
   -0.320441528454297E-05    0.181906759004870E-04    0.967700179329722E-05
    0.161704359325781E-04    0.161704571054349E-04    0.160657547054541E-04
         4         3         4
   -0.145480786690918E-04   -0.203199944810097E-04   -0.634407523993632E-05
    0.441906683637036E-04   -0.190842233702310E-04    0.381388219178567E-05
    0.161879891803415E-04    0.160469031381254E-04    0.159371107101043E-04
         1         4         4
    0.330900300087824E-04   -0.321189800403990E-05   -0.937959911361998E-05
   -0.471975474511362E-04    0.113959342287776E-04    0.880608865414334E-05
    0.161101775764044E-04    0.160518339964598E-04    0.156668655677324E-04
         2         4         4
    0.738948013620519E-05   -0.508460861948497E-05   -0.429693166258410E-05
    0.536493387672492E-05   -0.179327744010523E-04    0.305045806014739E-04
    0.158513699585900E-04    0.161223894863279E-04    0.157023060246661E-04
         3         4         4
    0.712194569316660E-05    0.675145428307138E-05   -0.109418331967492E-04
    0.171093820147060E-06   -0.156242579729672E-04    0.604681801720603E-04
    0.162639631846682E-04    0.158950185950985E-04    0.160254797986299E-04
         4         4         4
    0.123034917417751E-04   -0.217536734809338E-04    0.222328854108032E-05
   -0.272707595788520E-04    0.112968771896798E-04    0.224316275853171E-04
    0.161744226292822E-04    0.158972512526666E-04    0.159459253938335E-04
