   -0.149404515819158E+01   -0.323875089193869E+01    0.174470573374711E+01
    0.114666568684412E-01    0.130727070275236E-01    0.144271678783486E-01
    0.317690200584222E-04   -0.606120832205764E-04   -0.882754531097147E-04
   -0.129988330660657E-01    0.143630504927251E-01    0.288651615559654E-01
    0.489531349146888E-03   -0.593938849274836E-03   -0.589680876577682E-04
    0.123599047663347E-18    0.352148865623292E-18    0.211636264069170E-18
   -0.281150514097296E+01   -0.430772913656475E+01    0.149622399559178E+01
    0.100929085286246E-01    0.116627281549246E-01    0.147594488972810E-01
    0.489066452532446E-04   -0.953162705496622E-05   -0.579760258127584E-04
   -0.336208251596311E-01    0.364541986837896E-01    0.394678727886640E-01
   -0.650839331655076E-02    0.816558718450917E-02    0.165562549172279E-01
    0.419803081186387E-18    0.732053306862213E-18    0.416333634234434E-18
   -0.212201322184104E+01   -0.400032564888532E+01    0.187831242704428E+01
    0.986731181484954E-02    0.115439404823493E-01    0.164876796156471E-01
    0.111463243153263E-03   -0.241081287422936E-05   -0.667822103514119E-04
   -0.323913021589420E-01    0.322445991609827E-01    0.235135949952558E-01
   -0.115539162547261E-01    0.105360684744277E-01   -0.166294452030308E-02
    0.565519853168439E-18    0.112063136548102E-17    0.568989300120393E-18
   -0.157115742202339E+01   -0.283880860631091E+01    0.126765118428752E+01
    0.111250212750895E-01    0.126370083798252E-01    0.173012723089513E-01
    0.200087665656777E-03   -0.264565638035071E-04   -0.112243475961731E-03
   -0.205699123525561E-01    0.207966133813402E-01    0.251556121750370E-01
    0.795511299528863E-02   -0.715186303902215E-02    0.244360713195880E-02
    0.693889390390723E-18    0.142941214420489E-17    0.867361737988404E-18
   -0.210988786351207E+01   -0.279430948840994E+01    0.684421624897869E+00
    0.122035777320641E-01    0.133313617216796E-01    0.177374806069291E-01
    0.301540801546670E-03   -0.711565934551993E-04   -0.170902902523413E-03
   -0.172343662053858E-01    0.212284304982724E-01    0.451917801322547E-01
   -0.120874714612157E-01    0.122452002996927E-01    0.102278224758700E-01
    0.107552855510562E-17    0.184574577843932E-17    0.109634523681734E-17
   -0.247516014228609E+01   -0.382631553962445E+01    0.135115539733836E+01
    0.122137160885849E-01    0.132962391622076E-01    0.200020776015425E-01
    0.424711585597058E-03   -0.142531341569092E-03   -0.239117240735758E-03
   -0.323259178027768E-01    0.360683665803260E-01    0.271469829689086E-01
    0.318301611267021E-02   -0.587507047091600E-04    0.733591156118195E-02
    0.127675647831893E-17    0.201227923213310E-17    0.128369537222284E-17
   -0.150665493938698E+01   -0.215694035723659E+01    0.650285417849611E+00
    0.125302276281421E-01    0.139049049633606E-01    0.210958666095826E-01
    0.563103202332300E-03   -0.238819473367894E-03   -0.333741498551226E-03
   -0.270955143367403E-01    0.235233011899123E-01    0.161155809763727E-01
   -0.130099315724769E-01    0.944901182931944E-02   -0.520436060287561E-02
    0.149880108324396E-17    0.223432383705813E-17    0.155431223447522E-17
   -0.227174909619713E+01   -0.382308138238421E+01    0.155133228618708E+01
    0.131901701604942E-01    0.141200831266211E-01    0.195561411568263E-01
    0.692535408503091E-03   -0.344269005947907E-03   -0.440538251172490E-03
   -0.301933577100262E-01    0.267685793250276E-01    0.343412409783897E-01
    0.518908041195329E-02   -0.438656335653899E-02    0.103414891289363E-01
    0.176247905159244E-17    0.266453525910038E-17    0.191513471747840E-17
   -0.195477502730112E+01   -0.337785241592064E+01    0.142307738861952E+01
    0.137124054310111E-01    0.136805212984941E-01    0.179303502817478E-01
    0.823155870458033E-03   -0.469996047254305E-03   -0.555026491450194E-03
   -0.223266138177626E-01    0.295958474971297E-01    0.357324818586805E-01
   -0.139998054144724E-01    0.139570447916413E-01    0.108363525065004E-01
    0.213024042849952E-17    0.309474668114262E-17    0.229742440349678E-17
   -0.220101544891519E+01   -0.352531115912598E+01    0.132429571021079E+01
    0.133961735311494E-01    0.134460202429081E-01    0.167450724784786E-01
    0.954011924176416E-03   -0.605753669807279E-03   -0.671318384786976E-03
   -0.311075053526645E-01    0.344889050143443E-01    0.195871659734734E-01
    0.499351784296355E-02   -0.590991726277929E-03   -0.178794810395729E-02
    0.245636844198316E-17    0.358046925441613E-17    0.231412111695306E-17
   -0.166862784433000E+01   -0.332403910118197E+01    0.165541125685197E+01
    0.133467532773578E-01    0.140085768928721E-01    0.139736592067014E-01
    0.106457866244011E-02   -0.735716046514252E-03   -0.791177133791349E-03
   -0.274817349549847E-01    0.198721492431765E-01    0.238563732383086E-01
   -0.123714367930758E-01    0.576159979916140E-02    0.205892059165478E-02
    0.282412981889024E-17    0.387190279838023E-17    0.261943244872498E-17
   -0.260612741617406E+01   -0.385073377422009E+01    0.124460635804603E+01
    0.137534863031792E-01    0.138477474829995E-01    0.110006562727376E-01
    0.114403387640582E-02   -0.858272091877519E-03   -0.897062071549356E-03
   -0.334765261255437E-01    0.239099028751840E-01    0.410006706488455E-01
    0.711115716494027E-03    0.545290568796216E-03    0.110538155365139E-01
    0.315025783237388E-17    0.438538094726937E-17    0.276861866765898E-17
   -0.184126206829178E+01   -0.367506914015624E+01    0.183380707186446E+01
    0.146835285713713E-01    0.130830454197557E-01    0.101355460719352E-01
    0.120161109275589E-02   -0.983388476592355E-03   -0.988516689786006E-03
   -0.247527167867589E-01    0.334405465925402E-01    0.161456713494404E-01
   -0.975053310318108E-02    0.751892190779846E-02    0.226776330557868E-03
    0.360822483003176E-17    0.467681449123347E-17    0.296984659087229E-17
   -0.214863079263100E+01   -0.415185403680178E+01    0.200322324417077E+01
    0.154650775728808E-01    0.135987632639528E-01    0.919364454774896E-02
    0.121995963209444E-02   -0.107840690368792E-02   -0.106543077677914E-02
   -0.312011400733807E-01    0.340300755910798E-01   -0.156579797246024E-01
    0.177034226526049E-02    0.517280255662316E-02    0.153690784678445E-02
    0.408006961549745E-17    0.512090370108353E-17    0.306699110552699E-17
   -0.209434645446606E+01   -0.314944243764482E+01    0.105509598317876E+01
    0.164802950195833E-01    0.151621236984968E-01    0.834066243342281E-02
    0.116008287665291E-02   -0.110083995294778E-02   -0.112837542596896E-02
   -0.321663683999305E-01    0.211971089976384E-01   -0.349949487111596E-01
   -0.136979350821237E-01    0.286811185277377E-02   -0.129813572797106E-01
    0.456665955050894E-17    0.530131494258512E-17    0.308780778723872E-17
   -0.201893202075988E+01   -0.369280777321337E+01    0.167387575245350E+01
    0.178604160765179E-01    0.156568612581309E-01    0.956987757762898E-02
    0.101567794181804E-02   -0.102846408163118E-02   -0.116507283502323E-02
   -0.361692236410187E-01    0.226542453109670E-01   -0.204392573585584E-01
    0.858601232472765E-04    0.404646473768645E-02    0.191538135923023E-02
    0.510008701937181E-17    0.578009862195472E-17    0.335148575558719E-17
   -0.184122288247697E+01   -0.334463576605389E+01    0.150341288357693E+01
    0.196973892862943E-01    0.152860726743853E-01    0.107602561314113E-01
    0.803332821787659E-03   -0.877807727331389E-03   -0.117609120205495E-02
   -0.286638215493528E-01    0.341093958508934E-01   -0.612760632752341E-02
   -0.950038599650671E-02    0.357572927833498E-02   -0.319885892683609E-03
    0.557887069874141E-17    0.584948756099379E-17    0.351801920928096E-17
   -0.217205030612849E+01   -0.372708792083983E+01    0.155503761471134E+01
    0.209023081284177E-01    0.155702532400749E-01    0.104292361698382E-01
    0.543785867477645E-03   -0.676112518282961E-03   -0.116863664482843E-02
   -0.378012028218200E-01    0.340671535930431E-01    0.350758475247093E-02
   -0.233053722459861E-02    0.953871883153145E-02   -0.352883973934136E-02
    0.611316552934227E-17    0.606112382506296E-17    0.376088049591772E-17
   -0.186374400172222E+01   -0.330038282901434E+01    0.143663882729212E+01
    0.221372467392114E-01    0.162895892630838E-01    0.849552079287492E-02
    0.262569985187337E-03   -0.447028074807328E-03   -0.115058680832913E-02
   -0.351544813007421E-01    0.250650901687948E-01    0.160760500558706E-01
   -0.125938469674663E-01    0.433903989363766E-03    0.772495445252783E-02
    0.661276589042359E-17    0.634908792207511E-17    0.399203239909163E-17
   -0.199586575910086E+01   -0.345160396978043E+01    0.145573821067957E+01
    0.232081890879508E-01    0.160478592117370E-01    0.643174952362686E-02
   -0.171365182843607E-04   -0.217647848524326E-03   -0.111279611984951E-02
   -0.360457648516357E-01    0.241338208974191E-01    0.205557094543196E-01
   -0.856194310508574E-03    0.710455679450703E-02    0.176546395157862E-03
    0.709068220805520E-17    0.675501321545369E-17    0.413558076672871E-17
   -0.192233057631979E+01   -0.357052853944629E+01    0.164819796312650E+01
    0.238027915389742E-01    0.148763065367851E-01    0.488553131719971E-02
   -0.278553781806256E-03   -0.380708999550149E-05   -0.105491832267962E-02
   -0.358582343081759E-01    0.306707613199035E-01    0.788703460746966E-02
   -0.111337389119367E-01    0.224918969489696E-02    0.442382360118796E-02
    0.751135265097957E-17    0.704297731246584E-17    0.426395030395099E-17
   -0.216838587082672E+01   -0.371701334222341E+01    0.154862747139669E+01
    0.242175114009123E-01    0.138234135698374E-01    0.325590787324517E-02
   -0.517280723947499E-03    0.199530051184062E-03   -0.988669374380885E-03
   -0.401744161716542E-01    0.309771059577526E-01   -0.515360764285339E-02
   -0.769262758537172E-02    0.985184452457999E-02   -0.458721093323819E-02
    0.795891130778159E-17    0.732660460078804E-17    0.438191150031741E-17
   -0.192202556385343E+01   -0.357234879652717E+01    0.165032323267375E+01
    0.248144468033798E-01    0.131365911995154E-01    0.219137662039520E-02
   -0.737568041798395E-03    0.399604095098478E-03   -0.920596331973687E-03
   -0.348983721351887E-01    0.267661658066330E-01   -0.117316420750317E-01
   -0.567493775923138E-02    0.388906328223859E-03    0.127602896087489E-03
    0.836136715420821E-17    0.772428995765573E-17    0.436629898903362E-17
   -0.181764077095224E+01   -0.343017385807911E+01    0.161253308712687E+01
    0.249984397337728E-01    0.124981945653164E-01    0.213285139615838E-02
   -0.933080544577455E-03    0.595000565003214E-03   -0.844836621034276E-03
   -0.380296441055887E-01    0.230255032345733E-01   -0.936017050108508E-02
   -0.878700770279763E-02    0.610057293922497E-02   -0.171669199454655E-02
    0.865280069817231E-17    0.800379727772249E-17    0.436803371250960E-17
   -0.215612421877054E+01   -0.375337810704965E+01    0.159725388827912E+01
    0.253911080295898E-01    0.117077495070409E-01    0.273439045642244E-02
   -0.109093243124897E-02    0.774656061602000E-03   -0.763233496006777E-03
   -0.433448130429751E-01    0.251592702821659E-01   -0.497341156826803E-02
   -0.816305187139022E-02    0.302149462937510E-02   -0.999715620474387E-03
    0.878463968234655E-17    0.841861302891544E-17    0.427782809175881E-17
   -0.169268785366021E+01   -0.312589188890975E+01    0.143320403524954E+01
    0.263898508737878E-01    0.109541353972227E-01    0.396241015496636E-02
   -0.120005138974235E-02    0.923785852168321E-03   -0.683836596676363E-03
   -0.321069307702759E-01    0.243278413247566E-01    0.207755694636643E-02
   -0.732517653835333E-02    0.434779687816816E-02    0.104737849850343E-02
    0.921485110438880E-17    0.873259797806725E-17    0.425527668657111E-17
   -0.202256924335683E+01   -0.362879842899050E+01    0.160622918563368E+01
    0.264763056027903E-01    0.104573612075093E-01    0.587337591850991E-02
   -0.124715694341620E-02    0.102537304775257E-02   -0.604074850052339E-03
   -0.413966891636454E-01    0.238497790138073E-01    0.719180172515258E-02
   -0.502393303752985E-02    0.289690137190448E-02    0.632655044982564E-04
    0.935883315289487E-17    0.913505382449387E-17    0.426048085699904E-17
   -0.173293296568735E+01   -0.314744722624561E+01    0.141451426055827E+01
    0.265793714304643E-01    0.100138751271688E-01    0.795984829745941E-02
   -0.122526939044955E-02    0.106565547418186E-02   -0.530853483978389E-03
   -0.395927509687044E-01    0.200109881648856E-01    0.939237841872049E-02
   -0.144393243211548E-01    0.478652079467603E-02    0.280726360536906E-02
    0.957393886391600E-17    0.937097621722671E-17    0.425766193135058E-17
   -0.171477992260311E+01   -0.309838823667541E+01    0.138360831407229E+01
    0.267348800283226E-01    0.929997780952464E-02    0.990295103044741E-02
   -0.113646166956050E-02    0.103900888277832E-02   -0.463629747030793E-03
   -0.371923967078897E-01    0.183470995054554E-01    0.893929854428460E-02
   -0.946912953973791E-03    0.709951099526347E-03    0.511880558007762E-03
    0.972746189153995E-17    0.973526814718184E-17    0.429344060304260E-17
   -0.153664316687727E+01   -0.293898613055487E+01    0.140234296367760E+01
    0.262265427561016E-01    0.846754915926123E-02    0.112419038263047E-01
   -0.987061946690426E-03    0.948303085632710E-03   -0.399849826202042E-03
   -0.386383764714350E-01    0.133830063371372E-01    0.866601401746756E-02
   -0.116915275648689E-01    0.379783040296379E-02    0.104669683678562E-02
    0.101628774840101E-16    0.102071129326475E-16    0.440966707593304E-17
